0.0016375817057337242136500 0.0001689997896868083754503 0.0000020632958926601022327 -0.0004634916729298252098361 -0.0005163444352659294885391 0.0000529876282439111574891 -0.0011233005663604535805111 0.0002373776632137863668980 0.0000000019444225404505330 -0.0000001352577683374909718 -0.0000000362552380119773958 0.0000001256860030297858497
0.0001689997896868078875593 0.0027391643456622940221157 -0.0019229531726349482524674 -0.0000272227718265362037561 0.0001871187583469309122144 0.0004193417082119064867932 0.0015668346246012073656045 0.0007146230632222292690481 0.0000001376128416086887633 0.0000000571041804296680810 0.0000000298388338131174930 0.0000000300422064307371695
0.0000020632958926588240600 -0.0019229531726349473851057 0.0023531117987111590215965 -0.0007099887794782343925989 -0.0011098598339218258401057 -0.0005821541861220135092442 -0.0012453152606819906274283 -0.0014911274591871174436536 0.0000001145713739166881893 0.0000000190904786008079615 -0.0000001183124282753012440 -0.0000000026046401622783401
-0.0004634916729298254266765 -0.0000272227718265361190528 -0.0007099887794782355852213 0.0019727887591380896883941 0.0002379997474422146711264 0.0000032169479380306334774 0.0009354807049658469099776 -0.0005288053762931160545896 -0.0000001926937628882798536 -0.0000000212761963410830098 0.0000000826498757286319675 -0.0000000617037411667625840
-0.0005163444352659289464380 0.0001871187583469312645801 -0.0011098598339218269243078 0.0002379997474422141561304 0.0015824439018346943795768 0.0009570818983349691638773 0.0000437603673530611659084 0.0008375192637195372040437 -0.0000001190666107523747967 -0.0000000471491001631520846 0.0000000657788246194331493 0.0000000118334409862464307
0.0000529876282439112862382 0.0004193417082119054025910 -0.0005821541861220139429250 0.0000032169479380319256262 0.0009570818983349682965156 0.0014235234776473731487662 -0.0004279153404568652942393 -0.0006817737615532834267312 0.0000000732436811789275159 -0.0000000874507010066541658 -0.0000000449005724680038306 0.0000001144066786776232707
-0.0011233005663604540141920 0.0015668346246012075824450 -0.0012453152606819906274283 0.0009354807049658449584137 0.0000437603673530608406478 -0.0004279153404568652400292 0.0023248554596893827167703 0.0004162305322537938456068 0.0000000025508142952361605 0.0000001633163898998351147 0.0000000887888416678454243 -0.0000001349148038537539295
0.0002373776632137883726720 0.0007146230632222305700907 -0.0014911274591871193952175 -0.0005288053762931170303715 0.0008375192637195376377246 -0.0006817737615532829930504 0.0004162305322537926529844 0.0034782109929984055332608 -0.0000002473055077327128439 0.0000000134417597164531518 0.0000001690367194768568580 -0.0000000775358636170412075
0.0000000019444225404496834 0.0000001376128416086875722 0.0000001145713739166887584 -0.0000001926937628882796419 -0.0000001190666107523756437 0.0000000732436811789281909 0.0000000025508142952343738 -0.0000002473055077327142203 0.0000000001861777886755931 0.0000000000121126091699691 -0.0000000000251958195366730 0.0000000000129450005705016
-0.0000001352577683374903630 0.0000000571041804296688817 0.0000000190904786008083751 -0.0000000212761963410836385 -0.0000000471491001631517537 -0.0000000874507010066540070 0.0000001633163898998364118 0.0000000134417597164555308 0.0000000000121126091699691 0.0000000001458829042274537 0.0000000000017656342722888 -0.0000000000156080476072781
-0.0000000362552380119776075 0.0000000298388338131163747 -0.0000001183124282753027131 0.0000000826498757286314646 0.0000000657788246194327522 -0.0000000449005724680035262 0.0000000887888416678444449 0.0000001690367194768557727 -0.0000000000251958195366730 0.0000000000017656342722888 0.0000000000970523432628141 -0.0000000000100632974862690
0.0000001256860030297860085 0.0000000300422064307373019 -0.0000000026046401622780994 -0.0000000617037411667623458 0.0000000118334409862467351 0.0000001144066786776224369 -0.0000001349148038537518649 -0.0000000775358636170408634 0.0000000000129450005705016 -0.0000000000156080476072780 -0.0000000000100632974862689 0.0000000001427931182708799
