0.0016375817057337268157352 0.0001700314376331389686677 0.0000020632958926629211584 -0.0004624600249835020162985 -0.0005163444352659293801189 0.0000540192761902552761287 -0.0011233005663604520626281 0.0002384093111601246579509 0.0000000019444225404532263 -0.0000001352577683374920835 -0.0000000362552380119794670 0.0000001256860030297874643
0.0001700314376331356618511 0.0014044891227051458249681 -0.0007463972732793750300417 -0.0007554157982053271965309 -0.0003678111586139875101645 -0.0002449340214887962396267 0.0009441769942602175813215 -0.0004041393030110244487946 0.0000001948985285670342278 0.0000000666494197300758039 -0.0000000293173803245312364 0.0000000287398863495976831
0.0000020632958926642764111 -0.0007463972732793742711002 0.0023531117987111542511069 0.0004665671198773497802686 -0.0011098598339218269243078 0.0005944017132335600384421 -0.0012453152606819969158009 -0.0003145715598315385833766 0.0000001145713739166890231 0.0000000190904786008058373 -0.0000001183124282753018263 -0.0000000026046401622760082
-0.0004624600249835095515036 -0.0007554157982053253533872 0.0004665671198773557975907 0.0018510779293376400638643 -0.0003169301695187047270344 -0.0000545765851843096742348 0.0003128230746248627635459 -0.0010410855459480089935803 -0.0000001354080759299355009 -0.0000000117309570406797818 0.0000000234936615909807599 -0.0000000630060612479024278
-0.0005163444352659315485232 -0.0003678111586139824144143 -0.0011098598339218238885417 -0.0003169301695187026670503 0.0015824439018346900427681 0.0004021519813740617732556 0.0000437603673530724416110 0.0002825893467586301386826 -0.0000001190666107523760937 -0.0000000471491001631509530 0.0000000657788246194330037 0.0000000118334409862438631
0.0000540192761902521997050 -0.0002449340214887938001719 0.0005944017132335564605750 -0.0000545765851843060150524 0.0004021519813740607432635 0.0014296472412031605622035 -0.0010505729707978685768394 -0.0011301366345300494983817 0.0000001305293681372704525 -0.0000000779054617062517170 -0.0000001040567866056542938 0.0000001131043585964854651
-0.0011233005663604581341602 0.0009441769942602168223800 -0.0012453152606819930126730 0.0003128230746248544151891 0.0000437603673530664784991 -0.0010505729707978757325737 0.0023248554596893744768338 -0.0002064270980872152374749 0.0000000025508142952339503 0.0000001633163898998372323 0.0000000887888416678482433 -0.0000001349148038537551471
0.0002384093111601216492899 -0.0004041393030110260750978 -0.0003145715598315369570734 -0.0010410855459480074756973 0.0002825893467586314939353 -0.0011301366345300544857116 -0.0002064270980872114969774 0.0025753614834890838081183 -0.0000001900198207743691000 0.0000000229869990168557462 0.0000001098805053392047669 -0.0000000788381836981807204
0.0000000019444225404507795 0.0000001948985285670344925 0.0000001145713739166872496 -0.0000001354080759299415360 -0.0000001190666107523790583 0.0000001305293681372661379 0.0000000025508142952305621 -0.0000001900198207743728057 0.0000000001861777886755939 0.0000000000121126091699695 -0.0000000000251958195366727 0.0000000000129450005705021
-0.0000001352577683374906806 0.0000000666494197300756715 0.0000000190904786008031175 -0.0000000117309570406779091 -0.0000000471491001631537125 -0.0000000779054617062482494 0.0000001633163898998391117 0.0000000229869990168646533 0.0000000000121126091699696 0.0000000001458829042274546 0.0000000000017656342722888 -0.0000000000156080476072783
-0.0000000362552380119815846 -0.0000000293173803245293471 -0.0000001183124282753005558 0.0000000234936615909804191 0.0000000657788246194326199 -0.0000001040567866056572716 0.0000000887888416678484286 0.0000001098805053392013259 -0.0000000000251958195366728 0.0000000000017656342722889 0.0000000000970523432628141 -0.0000000000100632974862693
0.0000001256860030297930759 0.0000000287398863496017992 -0.0000000026046401622803758 -0.0000000630060612478917208 0.0000000118334409862453057 0.0000001131043585964959074 -0.0000001349148038537504355 -0.0000000788381836981710457 0.0000000000129450005705017 -0.0000000000156080476072779 -0.0000000000100632974862693 0.0000000001427931182708800
