0.0036373727871541767370234 -0.0007535321994220245834378 -0.0000330703312846941015288 -0.0000100651320756519282074 0.0000330703312846855092266 0.0000100651320756536019445 0.0034009175439485895588165 0.0007402328258039191262452 -0.0000004660963127463570864 -0.0000003693075880478601160 -0.0000001782674162689745094 -0.0000002533103944840198084
-0.0007535321994220214392515 0.0067382078631769764739956 -0.0003750691664852198801798 -0.0001141543054310651967437 0.0003750691664852324027149 0.0001141543054310615240088 -0.0033553261151455962378598 0.0020243738181570910053542 0.0000009973964934515639130 0.0000005772251049935764918 0.0000003566672315023555915 0.0000006594642517370639490
-0.0000330703312846880164442 -0.0003750691664852274695950 0.0014300822793103247065200 0.0004352531849892042679732 -0.0014300822793103236223178 -0.0004352531849892044848137 -0.0006534650585622622364496 -0.0005044731766650119037659 0.0000000895058050762114734 0.0000000591575831861353401 -0.0000000468483216414128043 -0.0000000115057538628492771
-0.0000100651320756526261625 -0.0001141543054310631774171 0.0004352531849892050811249 0.0001324716331249201116751 -0.0004352531849892046474440 -0.0001324716331249202472004 -0.0001988855831117272157053 -0.0001535391075476864224461 0.0000000272415701516362008 0.0000000180049266189402832 -0.0000000142585370791793794 -0.0000000035018376823200195
0.0000330703312846881790745 0.0003750691664852283369568 -0.0014300822793103251402008 -0.0004352531849892037800823 0.0014300822793103236223178 0.0004352531849892048642844 0.0006534650585622620196091 0.0005044731766650126627075 -0.0000000895058050762114866 -0.0000000591575831861353269 0.0000000468483216414128969 0.0000000115057538628493003
0.0000100651320756526261625 0.0001141543054310631774171 -0.0004352531849892050811249 -0.0001324716331249201116751 0.0004352531849892046474440 0.0001324716331249202472004 0.0001988855831117272157053 0.0001535391075476864224461 -0.0000000272415701516362008 -0.0000000180049266189402832 0.0000000142585370791793794 0.0000000035018376823200195
0.0034009175439485873904122 -0.0033553261151455988399450 -0.0006534650585622689585030 -0.0001988855831117244780948 0.0006534650585622589838430 0.0001988855831117284896428 0.0118509697487200853227574 0.0002943196258031635474672 -0.0000011396203930634576234 -0.0000005937514671298821866 -0.0000005219737703585439367 -0.0000011228212907004712725
0.0007402328258039165241600 0.0020243738181570962095246 -0.0005044731766650103858829 -0.0001535391075476862056057 0.0005044731766650127711277 0.0001535391075476852027187 0.0002943196258031589938181 0.0055275455358625557450436 -0.0000001625903223659489171 0.0000000681207299289013828 0.0000001416162365829555216 -0.0000000895471278700541896
-0.0000004660963127463544394 0.0000009973964934515637013 0.0000000895058050762129160 0.0000000272415701516357442 -0.0000000895058050762110499 -0.0000000272415701516365217 -0.0000011396203930634548705 -0.0000001625903223659506377 0.0000000003520502150275961 0.0000000001241435753321464 0.0000000000674995340548547 0.0000000001555792976390385
-0.0000003693075880478588455 0.0000005772251049935731037 0.0000000591575831861385760 0.0000000180049266189395255 -0.0000000591575831861326600 -0.0000000180049266189405545 -0.0000005937514671298786926 0.0000000681207299289012240 0.0000000001241435753321466 0.0000000002040724101997056 0.0000000000406195276738727 0.0000000000731847892715117
-0.0000001782674162689737947 0.0000003566672315023549562 -0.0000000468483216414123080 -0.0000000142585370791785539 0.0000000468483216414127712 0.0000000142585370791791511 -0.0000005219737703585431955 0.0000001416162365829550981 0.0000000000674995340548545 0.0000000000406195276738726 0.0000000001165706240935950 0.0000000000593939268217298
-0.0000002533103944840197025 0.0000006594642517370620432 -0.0000000115057538628487742 -0.0000000035018376823210295 0.0000000115057538628503094 0.0000000035018376823201030 -0.0000011228212907004706372 -0.0000000895471278700545601 0.0000000001555792976390386 0.0000000000731847892715120 0.0000000000593939268217299 0.0000000002621892860558234
