0.0013507102544122395141463 0.0007064121642510811727514 0.0000202783378441638703280 -0.0007064121642510797632886 -0.0013709885922564008908092 0.0016858560022414937826229 0.0010687697287483505226291 0.0011766853519564876226489 -0.0000000233600265876906300 -0.0000001978820573923670153 -0.0000002910885448218814226 -0.0000001619175020157662489
0.0007064121642510816064323 0.0008270787326916593769702 -0.0008512789390076591893725 -0.0008270787326916595938106 0.0001448667747565776913604 0.0000633893200938683617357 0.0003944508337983368179321 0.0004680919126398652252256 0.0000000358993194825801093 -0.0000000412738575018706744 -0.0000000170457306093252796 0.0000000328000612255166315
0.0000202783378441630300713 -0.0008512789390076596230533 0.0016235472616723935299771 0.0008512789390076614661970 -0.0016438255995165538224378 0.0015664707780192583218282 0.0003258748504324237866420 0.0002950974462276688262997 -0.0000000909715469432814167 -0.0000001201483204619057217 -0.0000002589852130964007844 -0.0000002236919879719627578
-0.0007064121642510811727514 -0.0008270787326916589432893 0.0008512789390076592977927 0.0008270787326916592685500 -0.0001448667747565777997806 -0.0000633893200938694459379 -0.0003944508337983379563443 -0.0004680919126398659299571 -0.0000000358993194825800696 0.0000000412738575018707935 0.0000000170457306093252531 -0.0000000328000612255166050
-0.0013709885922564026255327 0.0001448667747565795887142 -0.0016438255995165575087252 -0.0001448667747565815944882 0.0030148141917729549300875 -0.0032523267802607551402172 -0.0013946445791807740924306 -0.0014717827981841585631428 0.0000001143315735309721128 0.0000003180303778542727371 0.0000005500737579182822070 0.0000003856094899877292185
0.0016858560022415002878360 0.0000633893200938675621366 0.0015664707780192689470095 -0.0000633893200938591460172 -0.0032523267802607564412598 0.0123248905073030934342881 0.0051498533712333871559252 0.0055446760664956519851221 -0.0000005036107732969171751 -0.0000009736949150500418272 -0.0000014553917229792203904 -0.0000011026566504011214777
0.0010687697287483518236717 0.0003944508337983382816050 0.0003258748504324268224080 -0.0003944508337983300958786 -0.0013946445791807751766328 0.0051498533712333819517548 0.0094964606216166400770584 0.0027916107453554764826487 -0.0000004571562672060174809 -0.0000004264437360466338212 -0.0000008639088845418546390 -0.0000010777463190423978772
0.0011766853519564902247341 0.0004680919126398673394199 0.0002950974462276711573344 -0.0004680919126398612678877 -0.0014717827981841566115789 0.0055446760664956493830369 0.0027916107453554773500104 0.0072907455532602027936662 -0.0000005344311804224853640 -0.0000004603581200719919082 -0.0000006030830420662611587 -0.0000007126492962630658343
-0.0000000233600265876897035 0.0000000358993194825795799 -0.0000000909715469432816417 -0.0000000358993194825802218 0.0000001143315735309716628 -0.0000005036107732969196103 -0.0000004571562672060199161 -0.0000005344311804224862110 0.0000000001782853344439304 0.0000000000372611350406130 0.0000000000607827487885172 0.0000000000837319891775231
-0.0000001978820573923684447 -0.0000000412738575018709854 -0.0000001201483204619054041 0.0000000412738575018697281 0.0000003180303778542741665 -0.0000009736949150500405567 -0.0000004264437360466326036 -0.0000004603581200719909024 0.0000000000372611350406130 0.0000000002040724101999176 0.0000000001207851826994049 0.0000000000882199211018071
-0.0000002910885448218813697 -0.0000000170457306093242175 -0.0000002589852130964035372 0.0000000170457306093238668 0.0000005500737579182819952 -0.0000014553917229792203904 -0.0000008639088845418558037 -0.0000006030830420662624293 0.0000000000607827487885171 0.0000000001207851826994045 0.0000000002769019341447112 0.0000000001545947136774421
-0.0000001619175020157688429 0.0000000328000612255162808 -0.0000002236919879719630225 -0.0000000328000612255186697 0.0000003856094899877303832 -0.0000011026566504011206307 -0.0000010777463190423968184 -0.0000007126492962630654108 0.0000000000837319891775230 0.0000000000882199211018071 0.0000000001545947136774422 0.0000000002922595497164681
